# oST version 5.0 parameters


[image]

width
1000

height
1000

[narrow_stereo]

camera matrix
1023.509244 0.000000 503.741809
0.000000 1030.388329 519.456601
0.000000 0.000000 1.000000

distortion
-0.555590 0.146052 0.007004 -0.001259 0.000000

rectification
1.000000 0.000000 0.000000
0.000000 1.000000 0.000000
0.000000 0.000000 1.000000

projection
840.514404 0.000000 503.382591 0.000000
0.000000 842.985291 542.478344 0.000000
0.000000 0.000000 1.000000 0.000000
