# oST version 5.0 parameters


[image]

width
1080

height
1080

[narrow_stereo]

camera matrix
651.696808 0.000000 531.864029
0.000000 651.655292 543.070638
0.000000 0.000000 1.000000

distortion
-0.394115 0.153710 0.000087 -0.000295 0.000000

rectification
1.000000 0.000000 0.000000
0.000000 1.000000 0.000000
0.000000 0.000000 1.000000

projection
506.007385 0.000000 531.968605 0.000000
0.000000 506.236786 543.037074 0.000000
0.000000 0.000000 1.000000 0.000000
