# oST version 5.0 parameters


[image]

width
1080

height
1080

[narrow_stereo]

camera matrix
690.187809 0.000000 514.899026
0.000000 690.491322 550.984261
0.000000 0.000000 1.000000

distortion
-0.392587 0.150600 -0.001278 -0.000242 0.000000

rectification
1.000000 0.000000 0.000000
0.000000 1.000000 0.000000
0.000000 0.000000 1.000000

projection
532.620117 0.000000 512.871870 0.000000
0.000000 533.748962 548.521437 0.000000
0.000000 0.000000 1.000000 0.000000
