image_width: 1080
image_height: 1080
camera_name: narrow_stereo
camera_matrix:
  rows: 3
  cols: 3
  data: [666.05025,   0.     , 511.98465,
           0.     , 665.2963 , 548.99619,
           0.     ,   0.     ,   1.     ]
camera_model: plumb_bob
distortion_coefficients:
  rows: 1
  cols: 5
  data: [-0.404144, 0.177557, 0.001159, 0.002410, 0.000000]
rectification_matrix:
  rows: 3
  cols: 3
  data: [1., 0., 0.,
         0., 1., 0.,
         0., 0., 1.]
projection_matrix:
  rows: 3
  cols: 4
  data: [532.90228,   0.     , 517.70198,   0.     ,
           0.     , 534.53571, 550.20696,   0.     ,
           0.     ,   0.     ,   1.     ,   0.     ]
