# oST version 5.0 parameters


[image]

width
1080

height
1080

[narrow_stereo]

camera matrix
666.050252 0.000000 511.984651
0.000000 665.296297 548.996190
0.000000 0.000000 1.000000

distortion
-0.404144 0.177557 0.001159 0.002410 0.000000

rectification
1.000000 0.000000 0.000000
0.000000 1.000000 0.000000
0.000000 0.000000 1.000000

projection
532.902283 0.000000 517.701978 0.000000
0.000000 534.535706 550.206955 0.000000
0.000000 0.000000 1.000000 0.000000
