# oST version 5.0 parameters


[image]

width
1080

height
1080

[narrow_stereo]

camera matrix
698.317298 0.000000 520.083207
0.000000 699.297152 540.264877
0.000000 0.000000 1.000000

distortion
-0.412782 0.198911 0.000697 -0.001679 0.000000

rectification
1.000000 0.000000 0.000000
0.000000 1.000000 0.000000
0.000000 0.000000 1.000000

projection
570.964233 0.000000 515.396383 0.000000
0.000000 573.934692 541.049140 0.000000
0.000000 0.000000 1.000000 0.000000
